<<<<<<< HEAD
155
157
156
172
170
186
198
189
207
213
222
228
229
227
220
226
241
243
244
246
256
255
260
266
268
270
269
271
272
275
276
277
272
273
278
286
293
298
304
305
317
330
342
341
371
374
376
377
381
385
398
409
433
434
435
436
437
443
445
455
450
447
462
465
466
468
474
493
494
523
532
539
538
539
542
547
545
557
558
561
581
582
583
580
584
603
617
618
605
616
618
620
636
637
639
640
641
642
641
642
644
645
664
668
678
679
681
686
687
688
689
706
709
724
727
735
737
749
753
754
760
766
770
765
766
773
775
777
785
786
787
797
798
818
835
836
838
859
856
860
867
868
870
871
892
896
897
898
919
928
944
943
965
980
982
988
994
997
998
997
998
982
990
986
985
986
987
997
1003
998
1005
1006
1009
1008
1015
1021
1023
1024
1021
1041
1042
1044
1052
1053
1056
1053
1056
1057
1058
1060
1053
1054
1059
1056
1057
1068
1081
1093
1094
1099
1103
1101
1103
1125
1127
1128
1134
1130
1133
1137
1141
1142
1144
1164
1166
1180
1178
1177
1182
1183
1180
1182
1197
1198
1203
1204
1206
1207
1208
1217
1241
1250
1249
1250
1252
1253
1257
1285
1286
1290
1302
1330
1332
1333
1334
1336
1334
1331
1332
1344
1345
1354
1358
1357
1360
1362
1376
1378
1379
1381
1379
1381
1380
1379
1383
1393
1403
1407
1397
1403
1408
1413
1415
1419
1427
1430
1438
1441
1446
1476
1502
1495
1497
1498
1499
1500
1502
1503
1505
1526
1552
1570
1572
1577
1579
1574
1575
1585
1605
1624
1626
1631
1646
1647
1649
1681
1682
1684
1687
1690
1691
1694
1718
1719
1723
1731
1721
1723
1724
1742
1743
1748
1753
1761
1762
1765
1772
1774
1773
1781
1784
1789
1794
1795
1803
1807
1813
1829
1828
1830
1844
1847
1850
1854
1855
1850
1848
1853
1878
1909
1910
1912
1917
1937
1939
1943
1941
1952
1959
1963
1971
1974
1989
2007
2009
2005
2006
2010
2013
2016
2027
2044
2030
2031
2032
2035
2036
2047
2050
2052
2061
2071
2077
2080
2082
2094
2098
2119
2111
2112
2127
2139
2140
2141
2149
2151
2156
2157
2171
2186
2202
2206
2221
2239
2247
2252
2262
2264
2271
2281
2291
2293
2333
2335
2339
2343
2338
2342
2337
2343
2344
2347
2353
2358
2363
2364
2377
2403
2402
2405
2418
2408
2406
2422
2424
2422
2435
2437
2439
2446
2458
2459
2484
2486
2487
2484
2486
2485
2508
2509
2507
2508
2509
2521
2531
2541
2542
2545
2556
2566
2579
2582
2583
2584
2585
2591
2593
2594
2598
2599
2600
2601
2604
2609
2616
2638
2647
2646
2645
2642
2643
2644
2645
2624
2635
2634
2639
2643
2645
2658
2659
2662
2666
2654
2655
2666
2663
2673
2684
2702
2707
2708
2734
2742
2745
2748
2751
2754
2753
2751
2758
2757
2775
2761
2772
2773
2796
2807
2808
2809
2810
2817
2819
2823
2824
2847
2850
2851
2859
2861
2862
2854
2860
2877
2880
2881
2880
2913
2916
2917
2918
2938
2954
2957
2965
2971
2976
2984
2985
2986
3002
3003
3004
3005
2990
3004
2997
2995
3011
3005
3009
3018
3019
3021
3015
3016
3017
3024
3026
3041
3042
3052
3064
3063
3068
3087
3088
3084
3110
3109
3121
3131
3130
3134
3139
3145
3153
3159
3162
3179
3219
3224
3220
3221
3230
3232
3256
3236
3235
3237
3245
3250
3265
3222
3238
3273
3287
3288
3293
3297
3307
3292
3306
3311
3312
3324
3315
3316
3318
3316
3317
3318
3320
3321
3328
3330
3331
3333
3337
3342
3323
3332
3330
3337
3338
3347
3343
3345
3347
3353
3361
3362
3363
3366
3351
3353
3365
3368
3389
3400
3410
3420
3438
3439
3445
3444
3472
3486
3484
3494
3503
3504
3505
3513
3524
3526
3527
3535
3536
3529
3530
3531
3533
3547
3549
3562
3553
3560
3561
3562
3566
3567
3568
3578
3579
3581
3611
3613
3615
3618
3639
3655
3657
3676
3680
3700
3709
3710
3717
3720
3727
3735
3736
3746
3768
3772
3777
3780
3790
3799
3802
3804
3812
3814
3815
3823
3824
3827
3853
3861
3854
3846
3849
3868
3879
3883
3880
3881
3889
3891
3890
3899
3891
3885
3917
3918
3919
3920
3926
3921
3931
3938
3939
3950
3951
3955
3966
3965
3970
3982
3996
3997
4000
4002
4003
4005
4010
4015
4023
4027
4019
4025
4034
4035
4037
4053
4075
4084
4089
4093
4083
4089
4090
4129
4141
4158
4185
4189
4191
4201
4202
4212
4222
4223
4238
4244
4243
4245
4252
4270
4275
4278
4279
4283
4285
4289
4290
4293
4294
4302
4306
4290
4292
4310
4317
4318
4321
4322
4325
4303
4304
4306
4307
4310
4330
4328
4329
4330
4332
4335
4337
4336
4344
4347
4342
4361
4362
4361
4359
4379
4385
4390
4389
4392
4395
4397
4412
4415
4416
4418
4441
4442
4443
4441
4435
4437
4450
4471
4472
4473
4469
4470
4490
4492
4511
4516
4517
4530
4524
4522
4523
4522
4531
4532
4543
4549
4548
4546
4537
4533
4542
4551
4552
4562
4570
4571
4576
4585
4597
4599
4600
4605
4606
4607
4630
4642
4643
4639
4675
4661
4684
4685
4697
4699
4730
4731
4732
4734
4737
4744
4761
4771
4775
4776
4784
4789
4790
4767
4768
4770
4771
4772
4792
4801
4808
4811
4818
4811
4813
4814
4815
4824
4823
4824
4827
4830
4832
4821
4809
4812
4841
4842
4844
4801
4805
4820
4832
4823
4824
4816
4818
4817
4816
4822
4858
4861
4880
4879
4886
4893
4902
4906
4901
4913
4919
4928
4926
4927
4935
4937
4938
4939
4941
4942
4947
4949
4963
4955
4958
4960
4956
4958
4957
4961
4971
4972
4975
4978
4979
4985
4972
5019
5023
5022
5014
5016
5024
5026
5049
5054
5055
5051
5052
5055
5062
5065
5067
5065
5067
5047
5060
5061
5074
5101
5103
5104
5108
5110
5113
5124
5122
5109
5110
5093
5103
5099
5101
5102
5108
5106
5139
5160
5164
5165
5170
5164
5166
5168
5178
5199
5200
5202
5206
5214
5217
5222
5223
5263
5268
5288
5289
5301
5324
5301
5302
5304
5318
5321
5329
5337
5340
5346
5369
5386
5377
5392
5383
5385
5403
5402
5404
5434
5440
5442
5434
5442
5452
5453
5495
5499
5503
5509
5508
5513
5515
5521
5527
5532
5543
5544
5549
5550
5551
5537
5508
5509
5514
5517
5521
5538
5546
5561
5563
5566
5569
5581
5592
5608
5607
5612
5618
5630
5636
5652
5662
5663
5672
5681
5682
5680
5671
5678
5692
5701
5707
5709
5710
5711
5713
5702
5713
5700
5701
5702
5699
5678
5679
5684
5688
5720
5722
5726
5731
5732
5731
5735
5741
5742
5747
5748
5773
5792
5795
5797
5820
5819
5825
5827
5829
5852
5853
5856
5868
5875
5883
5907
5872
5882
5893
5929
5942
5943
5946
5948
5949
5950
5959
5961
5965
5971
5972
5973
5964
5957
5977
5978
5976
5980
5984
6009
6023
6035
6037
6039
6040
6041
6048
6061
6081
6080
6088
6086
6089
6113
6118
6124
6139
6140
6142
6134
6125
6130
6134
6139
6145
6169
6170
6173
6174
6184
6155
6169
6184
6190
6199
6204
6205
6221
6220
6229
6206
6207
6209
6219
6222
6220
6221
6223
6225
6226
6245
6246
6251
6257
6258
6269
6280
6282
6283
6287
6296
6298
6303
6304
6312
6301
6304
6302
6314
6317
6336
6348
6357
6355
6356
6364
6368
6366
6374
6372
6351
6358
6356
6364
6365
6381
6406
6420
6424
6420
6432
6447
6454
6456
6498
6497
6498
6500
6508
6544
6546
6548
6557
6564
6566
6567
6570
6599
6602
6600
6606
6608
6605
6608
6610
6624
6601
6604
6603
6619
6647
6661
6660
6663
6664
6679
6682
6686
6701
6702
6710
6719
6720
6715
6716
6718
6728
6729
6712
6711
6718
6730
6731
6757
6760
6765
6748
6747
6746
6775
6776
6775
6785
6786
6788
6791
6792
6800
6802
6803
6806
6809
6806
6818
6821
6823
6824
6832
6835
6834
6838
6840
6844
6845
6854
6857
6863
6885
6893
6908
6922
6914
6915
6922
6923
6924
6926
6930
6938
6970
6971
6972
6971
6978
6975
6978
6958
6971
6977
6978
6979
6982
6986
6985
6988
7000
7002
7007
7017
7019
7040
7043
7045
7046
7047
7057
7061
7073
7093
7095
7096
7121
7129
7130
7135
7139
7141
7143
7145
7147
7148
7149
7152
7160
7170
7171
7174
7175
7170
7171
7198
7201
7203
7204
7211
7214
7215
7246
7233
7238
7240
7253
7254
7249
7252
7256
7267
7268
7274
7277
7279
7285
7290
7296
7298
7313
7326
7332
7335
7338
7345
7346
7353
7356
7360
7367
7392
7395
7404
7416
7418
7438
7451
7452
7449
7453
7469
7471
7473
7503
7504
7517
7520
7532
7533
7544
7553
7565
7575
7576
7575
7581
7597
7633
7634
7632
7633
7637
7638
7644
7634
7643
7644
7645
7646
7649
7629
7630
7632
7635
7636
7642
7643
7645
7644
7660
7663
7672
7675
7677
7680
7701
7702
7709
7720
7726
7734
7735
7773
7774
7779
7782
7787
7783
7785
7787
7788
7791
7793
7797
7802
7803
7805
7809
7805
7815
7826
7832
7851
7852
7853
7874
7854
7858
7866
7867
7850
7858
7876
7892
7897
7898
7900
7908
7909
7911
7917
7918
7919
7920
7914
7911
7914
7929
7942
7943
7944
7945
7944
7945
7976
7988
7998
8001
8002
8008
8010
8006
8011
8006
8016
8018
8019
8020
8024
8027
8031
8022
8025
8039
8040
8049
8069
8070
8071
8080
8081
8093
8096
8107
8110
8115
8124
8126
8115
8118
8121
8142
8143
8147
8148
8152
8156
8158
8159
8160
8163
8166
8179
8202
8203
8205
8214
8215
8211
8218
8228
8229
8230
8252
8255
8258
8266
8267
8268
8270
8275
8276
8278
8283
8292
8303
8305
8293
8297
8313
8317
8308
8307
8308
8323
8326
8331
8328
8329
8332
8335
8337
8336
8337
8338
8362
8363
8364
8366
8369
8379
8384
8385
8392
8400
8424
8429
8432
8434
8433
8434
8437
8438
8442
8437
8438
8450
8451
8445
8449
8452
8478
8480
8498
8490
8492
8493
8494
8495
8503
8504
8507
8516
8517
8543
8544
8555
8571
8572
8574
8575
8580
8590
8593
8601
8603
8610
8616
8617
8619
8644
8645
8646
8652
8653
8654
8655
8656
8659
8660
8666
8668
8669
8672
8690
8682
8685
8686
8665
8674
8672
8677
8678
8679
8684
8695
8704
8725
8745
8747
8739
8755
8757
8734
8738
8737
8730
8735
8739
8747
8750
8777
8778
8780
8782
8783
8785
8786
8777
8778
8779
8783
8788
8789
8795
8811
8829
8834
8862
8871
8875
8878
8879
8872
8867
8881
8892
8893
8896
8897
8896
8897
8898
8907
8908
8910
8937
8943
8950
8951
8953
8964
8985
8982
8987
8994
9021
9023
9024
9019
9024
9029
9008
9020
9026
9027
9044
9061
9058
9061
9065
9066
9067
9077
9078
9077
9075
9076
9078
9087
9082
9083
9085
9086
9101
9112
9122
9123
9128
9129
9131
9134
9138
9147
9153
9171
9165
9155
9159
9185
9183
9186
9190
9193
9194
9197
9203
9204
9214
9213
9218
9227
9231
9247
9262
9266
9268
9269
9259
9260
9268
9278
9279
9299
9300
9301
9302
9312
9313
9314
9346
9347
9348
9337
9342
9338
9337
9357
9360
9364
9367
9382
9410
9411
9422
9429
9431
9430
9437
9438
9442
9441
9443
9455
9462
9464
9472
9497
9528
9551
9553
9555
9556
9569
9580
9584
9586
9575
9578
9579
9587
9590
9619
9622
9628
9616
9614
9625
9626
9631
9641
9648
9658
9663
9664
9665
9649
9650
9647
9657
9661
9663
9668
9673
9678
9681
9682
9687
9688
9705
9706
9710
9716
9728
9730
9733
9726
9727
9728
9729
9730
9727
9729
9731
9732
9735
9746
9748
9753
9752
9739
9738
9760
9765
9768
9767
9771
9762
9765
9766
9759
9765
9766
9797
9802
9803
9805
9807
9813
9814
9818
9819
9825
9826
9827
9828
9829
9833
9849
9855
9856
9875
9893
9899
=======
5104
6131
3553
4496
5847
3253
1828
1045
6369
5544
2756
7382

6879
9715
10122

14438
1135
13406
4888

67712

1965
4515
4150
3583
3007
4852
6397
6237
5505
3106
6357
2504
4074

1689
5612
5531
3138
1203
4821
3468
2424
3425
5566
4374
5233
5452
3049
2260

3933
6073
2260
2376
7298
3397
3479
5316
6750
4800

14581
6385
18287
14353

44790

66296

3368
1373
9644
1682
11146
6876

2544
5471
3632
1837
2272
2956
4989
1754
4574
5076
3201
2199
5688
1161
3326

4897
3510
4961
2747
3931
2722
4021
2231
5466
6371
4691
2851
1846
4720

13096
5576
5765
3715
8851

3339
6453
4991
3935
5900
2326
4731
3323
6270
7505

2208
3058
6908
6343
6513
5383
6087
5836
4824
5588
5039
6138
1077

9045
6898
8327
4103
4006
6797
8591
6515
5228

39541

33536
7614

4637
7862
3038
6682
8880
2784
7924
5589
2107

33278
18120

1005
3479
4129
2799
5324
7799
5380
6998
1877

31663
9259

1009
3987
1254
6449
5134
6090
6341
3229
5902
4492
4025

10079
16006
19943
1970

3428
5671
1030
2461
6073
2875
3493
3103
1476
4305
2664
5017
4210
3629

45170

11282
8209
10075
1366
13841
3412

9981
7808
1565
3171
6684
1905
1087

14447
11220
3519
10317
14174

7518
3810
12824
3137
2272
2616

7827
29197

8799
12459
16530
16661

1965
10267
11399
11562
13367
10223

6410
2536
7255
2151
3190
5786
4114
6875
4013
2381
6020

1751
6262
5190
5091
6453
3652
2929
3411
4954
1275
1468
2689
1200
4362

4928
5282
6845
5328
2101
6522
3929
3276
4740
4493
4003
6797

6529
11489
1696
12922
8959
10927

13381
5921
5375
10424
9279
10031

3800
2166
1964
4182
3395
5956
6024
2473
2780
3686
5791
1449
2698
4430
1008

37175
26191

2863
1329
6266
5911
6331
5211
2420
6006
2259
4125
1885
2284
6213

3560
4007
5585
4484
1828
7935
5895
3139
6413

1201
3350
3763
1920
4653
1662
2559
1918
6378
6688
2569
3180

4347
1526
7318
3860
4250
6191
10198

8179
5824
4470
7569
3163
1859
2541
3433
1851
7360

1028
3103
3166
2025
5630
5067
1819
1590
2290
3636
2411
2856
1918
3050

3582
4564
3311
4695
4780
5863
3626
5304
4009
1499
1528
2261
2743
3992

6432
4354
1747
3799
7415
6951
4928
7862
6082
1010
3586

11375
14308
7595
18952

23213
18972

15795
17712
5850

4756
3643
3397
6067
5206
1658
2436
4293
2352
5096
2038
3780
2620
3124
2525

8776
3372
2945
7681
7636
1851
2755
2058
7856

9353
5890
3167
2211
6056
4894
10709
2793

3477
7013
4750
7568
7135
4165
7490
5932
1434
6230
7262

2988
3138
6692
5152
6590
7063
5578
3263
2918
4021
6292
3340

8043
7625
3391
6085
6245
4824
5767
6627
2367
2729

1520
6438
2132
1601
4488
5254
2935
2368
1569
3680
5772
6031
6288
5836

5254
4257
6075
5658
6032
6121
5074
4844
3709
4521
5464
1705
6448
6340

14988
3400
15846
12040
6216

45130

4014
2376
2115
3132
5487
6934
5925
2810
4421
6486
2346
5692

12105
2383
9893
5469
7597
5977
7022

2795
6488
20406

12538
3692
3757
12964
15776

1139
2432
1346
1249
1454
5679
2131
1057
6395
2604
6336
1444
6703

1499
6392
4154
1207
3827
4646
4283
2106
2958
1327
3760
2575
3961

11023
7199
6134
12194
10621

6715
5245
4073
5978
3950
5613
3517
3845
5611
2993
4704
4468
4833

25207
18060
8124

3263
2985
6577
3964
1392
2316
5224
3923
1392
5569
4833
5873
1627

1347
5148
4046
3618
3677
6767
3809
1979
8779
2274

15152
5482
5835
4176

1191
5296
1107
7245
4121
2598
4148
2388
5949
1851
3747
3829

1942
6426
4916
4572
2965
3453
7020
8067
1144
5931
2985

3315
1989
1609
2161
5836
3243
3901
2795
4187
2790
2083
3164
4843
5887

16209
2858
2586
15877
13993

8898
4191
1864
9272
9284
5581
4912
1084
6000

3410
5934
1609
4699
5008
3104
6016
3130
7286
1906

7381
4765
2427
2044
6493
2845
1431
5109
7242
3930
1350
4999

10119
12971
5407
6448
14453

5647
5083
3317
6707
1586
2179
1468
1214
5992
5732
5813

1260
3272
11607
3794
4599
2890

16930
16192

3140
6499
4094
5617
4379
6309
4400
4764
1143
2004
4451
3034
4209

2653
5514
3335
8021
7656
7956
9425
5902
7280

23692

1097
8621
2372
4381
10625
6138
7127

1719
5845
3170
4103
5550
3430
2824

2489
13880
7484
4617

11152
2300
2349
9548
7018

5745
2571
5758
1580
1411
3944
4867
2541
1998
3769
5598
5138
4369
5419

10223
10283
2268

5604
4701
2054
3920
4925
5118
3707
1838
2159
4192
5164
4419
5630
3127
5255

3686
1791
3543
6111
4260
3612
4021
3316
3100
5383
1962
3323
5630

2391
6494
3948
3811
2101
4075
3030
4553
1170
1604
6209
1122
3951
3447

4687
1165
2511
2316
4002
3832
4968
1082
5374
1960
2355
1975
4569
2324

4285
3885
2613
1102
4284
3439
5074
1279
6287

3501
10232
9878
10401
5166
9221
2356
7718

17368
8643
12092
3319

7510
4438
8329
4973
6213
6441
1801
7936
7802

6491
4569
4130
3144
2275
1831
2833
6234
5260
5476
5066
4356
1835

3842
19003
9012
7301

1596
8020

5794
6031
4868
5488
3633
5019
1113
4435
1258
2866
6007
4006
4164
4748
1899

5388
7788
1063
3566
3185
3839
6396
6052
4822
1345
4405

5048
8412
11211
10874
11580
9113

2921
9381
5501
5959
3511
6107

3827
2400
1465
4592
1070
5953
1252
5820
4496
6461
4105
5273

7867

7212
2869
4893
5449
1790
4027
4863
6804
4589
4431
2978
5646

6820
1830
5561
11648
2836

3711
7705
8802
1093
10308
1310
4998
9163

6599
6302
1817
5460
1686
1639
6831
2245
2026
1250
1521
6664
4326

8495
15655
1144
6597
13967

5998
4313
5903
3692
8234
2692
10457
3100

1861

14744
4779
12847
5418

1755
11466
4824
3036
2407
3799

3703
5199
4767
3220
4703
1618
2408
6934
6244

10247
6489
6234
2992
8650
2238

4281
13678
15074
6788
6291

8999
10740
12070
5488
1840
6026
8971

1663
9127
3582
5593
1469
7933
3315
8614
8179

31510
20867

3135
4978
2113
3443
2488
2805
5385
2765
2443
5948
4798
2685
3580
5153
3035

7786
5488
6868
6016
8457
3381
1057
3370

5493
5175
4669
3522
6305
2560
5075
4445
3881
6694
4367
6287
3496

10356
13146
10433
7922
5423
6508

17729
30047

1564
8859
7596
10579
7432
7320
4046

4402
4813
7497
8596
8944

9946
3497
4322
1990
6240
9993
8309

24706
3277
22881

6766
1997
3845
6791
5254
2251
5959
5030
7267
6440
3457
4772

8589
5044
9480
10563
8685
7787
9630
9199

9423
2006
5708
4116
14214

18376
3635
11243

6763
4005
1430
3727
1574
4517
1253
5880
4091
1499
6714
6510
6452

5479
4798
6197
3737
6874
2965
5032
4024
5051
8053

34588
18765

6659
7468
3910
7243
5199
6073
4412
7824
3338
3599
7017

3490
2272
2824
5088
6335
1716
2386
3356
2055
2013
2983
5382
1507
4581

19218
16697
9274

22122
13616
2703

1794
4376
2241
2705
2104
1658
3543
2607
3770
4622
3370
2443
4444
5476
3714

53258

11510
15672
12872
8622

5586
15502
3056
3890
14551

1608
4148
3884
4981
8494
6494
6595
6983
2298
1599

22767
5219
2814

1034
1031
4757
7276
7064
5309
7766
8161

9332

21322
13644
17204

52338

4741
11019
9823
11376
12363
7345

13565
12029
6517
4188
11311
3153

3172
2579
2147
6643
6720
1518
3920
3744
4907
3887
5811
2260
3640

2065
4288
2840
3551
2354
3243
5448
2120
2476
3959
2807
5822
1824
6027

13354
13217
9371
10773
12933

4706
3934
8085
3861
3474
4037
4333
1915
7439
4724
1584

5587
3880
5972
1568
2925
6189
5112
1034
5146
4456
3302
5930
6509
2232

10574
13136
19197
12598

3319
5343
6042
15163
7853

2549
9485
3150
3717
4202
8582
9314
1959

1651
3584
2353
4100
4642
4105
2675
3241
1441
1093
1012
4275
3727
4598
2407

9617
2108
4265
5498
2914
7770
5898
9319
2295

8587

2644
3717
4921
2297
4454
5287
2479
4581
1824
3108
4297
1055
4726
1859

2170
16319
2974

3092
4627
5913
4495
3009
4501
4341
4668
4858
3240
1347
3448
3748
5811

4644
4571
2358
5466
2255
5075
5466
4229
2211
4262
2900
1966
2627
4728

7682
9016
4473
8449
9257
2068
10641

1499
6224
7304
5201
3451
4984
7737
1728
5302
1062
2178

30845
12424

3483
1244
1700
8543
12788

2430
9187
9178
3168
10377
8889

15000
12965
10098
5507
13346

5401
2056
7490
9384
3312
7124
7199
5571
6029

1218
10456
6922
1815
12092
11303
2461

1766
5195
4704
1476
4579
1104
3018
6172
3826
6543
1323
6306
6367

17963
2012
1664
15479

32869

9473
3761
6631
2522
2878
2435
9087
3261
6032

4461
1087
4793
1273
1848
2882
1662
4454
1347
5600
2619

2300
8563
3317
2462
1118
6131
5801
4281
7292

3848
13902
7899
10164
12727
8578

1076
6192
3308
2648
1919
6489
6050
1639
6490
2768
1169
4718
5799
2658

12611
18417
13289
16060

1806
6019
1058
13468
8292
9682

13648
24310
6025

10030
7199
5366
6080
8944
3416
3746
3597

8809
10699
5362
8302
3712
2911
2598
5279

23190
15323
2535

2663
10325
9513
2403
6443
6731
8188
9559

15302

4544
6035
4595
5512
7162
1160
2866
5003
6449
3936
2083
1154

16473

4333
2861
2754
5775
5774
3313
1763
3326
3888
2639
3981
1788
6272
2151

3830
11759
9430
7412
5190
5926
9828

19524
15948
5297
16516

8073
9705
7872
5308
10279
3645
7983
3467

12230
22031
6843

15329
6540

4960
5485
1829
5062
4777
4193
4594
5705
1282
4546
6063
4304
2533

51798

11965
12511
2156
13850
10025
12395

3476
1232
7227
2031
4457
5152
3616
5374
4576
2413

1045
24929

13068
14356
9552
3897
4369

3172
3437
2380
5542
4850
4325
1065
1051
3385
5905
1182
6138
6487
2307

11847
9674
1409
16351
3793

1567
6941
2520
6617
4815
4700
2297
2336
3626
8035
1777

7380
6231
1464
5680
4298
8018
5861
5967
2799
6888
1401

1944
3424
4104
5697
2082
1829
4128
3775
3450
5312
3475
4868
4857
1469
4757

22339
15143

4573
5384
2968
6696
2208
3068
3104
2654
5539
7329
6127
3874

6693
6878
3318
5526
2042
4895
3809
3718
5881
2444
2448

6304
5014
1337
5766
9098
4456
6604
1722
4674

2403
5059
2439
2113
3879
2289
6524
3707
5199
2908
4624
3742
6077

2717
3042
1843
2403
5750
2473
3017
3407
4392
2513
6913
6585

1996
1118
5230
6283
2639
3324
1236
3483
5270
3399
3111
6098

6418
3395
3771
5816
2494
1049
5846
4483
3137
4445
2248
1216
2499
3556

20769
22782
15068

2645
3388
2219
6061
6664
4330
5003
4035
6370
2023
6309
5013

1222
6095
7410
7957
4087
5677
6829
7151
8731
8168

11570
27420

14541
3035
10295
14965

4122
5939
8715
1188
4674
4654
7742
4976

5269
3341
7796
8918

9598
2036
10718
9696
8890
2709
4114
1940

5054
3311
2306
2633
1810
4733
2133
2185
2322
2396
2992
2202
2671
1932
3398

4357
1706
3417
2442
5608
5032
6296
5015
1874
5295
3812
4698

18153
16982
6152

16245

3048
3827
3394
2137
2364
5478
5992
2396
6139
2323
4458
2292
4003

1561
1154
1545
1144
2206
4454
5640
4697
1908
3175
5130
2386
6358
4169

5785
6697
5246
3215
9759
10601
5507

4892
7629
4323
3881
4247
2154
1352
3468
3053

6710
2117
4776
3991
4021
7543
4268
3355
4701
4663
1015

13221
14163
11213

9488
7173
3708
3524
9290
3390
1272
3325
4864

3098
6656
1387
4710
1962
7262
7442
2097
4544
1976
6250
1974

5122
1843
2929
4066
2403
1020
2723
5914
3821
2189
1047
3334
5773
4396
2777

2073
2094
4901
1093
5029
5458
5963
4011
3454
3174
2086
1451
5640
2311
2511

4243
7521
5018
1914
6762
8155

19726
11376
6504
4086

4150
7015
3007
5002
5151
8346
8024
6498
1696

5404
5249
1474
2284
1642
3323
4110
1796
5132
1940
1266
2679
4027
2289

10301
7013
1666
7987
10426
6423
10008
10015

6115
6361
1902
8036
5703
2771
7330
8606
6447

8917
1183
8966
1255
5988
5233
7358
3806
9333
>>>>>>> 2022/main
